5b34e95a-6a7d-4b2d-b74e-7fcd2611ede1

6iltazdplYt84EEP7d7UkQ_YCPVP7RiDfPuHwfBiuEzk


0.20641860517158425

----------------------------

10
0.01
0.0
0.33135932383644456

10
0.01
0.5
0.333207341144849

10
0.01
1.0
0.30959744530446065

------------------------------

10
0.5
0.0
0.22158634566249788

10
0.5
0.5
0.20640436852422292

10
0.5
1.0
0.206962360544008

------------------------------

10
2.0
0.0
0.2066591090397615

10
2.0
0.5
0.20679968407432095

10
2.0
1.0
0.206079493319607

------------------------------
----------------------------

100
0.01
0.0
0.346495698732022

100
0.01
0.5
0.3457677520881927

100
0.01
1.0
0.34815440937741404

------------------------------

100
0.5
0.0
0.24100144670824902

100
0.5
0.5
0.20644920918610318

100
0.5
1.0
0.20630190317475877

------------------------------

100
2.0
0.0
0.20708381270697043

100
2.0
0.5
0.20627435185262882

100
2.0
1.0
0.20589586566637344

----------------------------
----------------------------

1000
0.01
0.0
0.34735266133094533

1000
0.01
0.5
0.3494454602218159

1000
0.01
1.0
0.35349630662957887

------------------------------

1000
0.5
0.0
0.24097495157154533

1000
0.5
0.5
0.20698070326979362

1000
0.5
1.0
0.2065996849016299

------------------------------

1000
2.0
0.0
0.20660314758247636

1000
2.0
0.5
0.20672417940842439

1000
2.0
1.0
0.2069338778250168

